ПАНЕЛИ
 27,17,30,29,28,26,25,24,23,21,19,18,15,14,13
ПАНЕЛЬ
 4
ПАРОЛЬ
 11,9,27
ПАРОЛЯ
 10,11,6,9,7,3
ПЕРВЫЙ
 30,27,17
ПЕРЕЙДЕТ
 11
ПЕРЕКЛЮЧАТЕЛЬ
 7
ПЕРЕХОДА
 3
ПЕЧАТЬ
 24
ПО
 17,11,30,27,8,29,28,26,25,24,23,22,21,16,15,14,13,12,9
ПОВТОРА
 11,6
ПОДСКАЗКАМ
 26,25,24,10
ПОДТВЕРДИТЬ
 17,11
ПОДЧЕРКИВАНИЕМ
 17,5
ПОЗВОЛЯЕЕТ
 4
ПОЗВОЛЯЕТ
 4,5
ПОИСК
 20
ПОИСКА
 4,20
ПОИСКОВОГО
 20
ПОИСКОВОЕ
 4
ПОЛЕ
 6,11,5,3,27,17,7,20,4
ПОЛК
 6
ПОЛНОСТЬЮ
 20
ПОЛУЖИРНОГО
 17,5
ПОЛЬЗВАТЕЛЯ
 3
ПОЛЬЗОВАЕТЛЯ
 16
ПОЛЬЗОВАТЕЛЬ
 17,11,9,27
ПОЛЬЗОВАТЕЛЮ
 4,27,11,10,30,29,28,26,25,24,23,22,21,20,19,18,17,15,14,13,9
ПОЛЬЗОВАТЕЛЯ
 6,7,27,17,12,11,9,8,4,3,1
ПОЛЯ
 4,20,11,9
ПОМЕТКУ
 27
ПОМОЩИ
 4
ПОСЛЕ
 27,11,10,5
ПОСМОТРЕТЬ
 5
ПОСТАВИТЬ
 27
ПОТВЕРЖДЕНИЯ
 3
ПОЧТОВОГО
 7
ПОЧТОВЫЙ
 27
ПРАВИЛЬНО
 11
ПРЕВЫШАТЬ
 11
ПРЕДНАЗАНЧЕНО
 3
ПРЕДНАЗНАЧЕНА
 4
ПРЕДНАЗНАЧЕНО
 3
ПРЕДПРОСМОТР
 17
ПРЕДПРОСМОТРА
 17
ПРЕДСТАВЛЕНЫ
 2
ПРИ
 18,11,9
ПРИВАТНОСТИ
 4
ПРИКРЕПИТЬ
 23
ПРИЛОЖЕНИЯ
 30,27,7
ПРИМЕНЁН
 17,5
ПРИСВОЕНО
 17
ПРОВЕРКИ
 11
ПРОВОДНИКЕ
 11
ПРОГРАММЕ
 29,12
ПРОГРАММУ
 8
ПРОГРАММЫ
 27,30,2,7,4,9
ПРОСМОТР
 22,21,13
ПРОСМОТРА
 29,28,22,13
ПРОСМОТРЕТЬ
 22,21,4
ПУБЛИКАЦИИ
 17
ПУНКТ
 10
ПУНКТЫ
 4
ПУТЕМ
 17
ПУТЬ
 27,17
