В
 9,27,17,5,20,18,7,30,29,28,26,25,24,23,22,21,19,15,14,13,12,11,8,6,4,3,2
ВВЕДЕННОЙ
 20,6,3
ВВЕЛ
 11
ВВЕСТИ
 20,9
ВВОДА
 6,3,11,7,4
ВВОДЯТ
 5
ВЕРХНЕГО
 11
ВКЛАДКА
 4
ВКЛАДКУ
 30,29,28,27,26,25,24,23,17,15,14,13
ВКЛАДОК
 30,29,28,27,26,25,24,23,17,15,14,13,4
ВКЛЮЧИТЬ
 27
ВЛКАДКИ
 4
ВОДА
 6
ВОЗВРАТА
 17
ВОЗЛЕ
 27
ВОЗМОЖНОСТЬ
 27,7
ВОПРОС
 11,6
ВОПРОСА
 6
ВОСПОЛЬЗОВАТЬСЯ
 20
ВОССТАНОВЛЕНИЕ
 10,9
ВОССТАНОВЛЕНИЯ
 10
ВРЕМЯ
 4
ВСЕ
 15,4
ВСЕХ
 17,13,30,29,28,27,26,25,24,23,15,14,4
ВТОРОЙ
 30,27,17
ВХОД
 9
ВЫБОР
 7
ВЫБОРА
 17,6,5
ВЫБРАВ
 11
ВЫБРАННОГО
 11,7,6
ВЫБРАТЬ
 17,27,30,29,28,26,25,24,23,19,18,15,14,13,11,10,5
ВЫГЛЯДЕТЬ
 5
ВЫДЕЛЕННОМУ
 17,5
ВЫКЛЮЧИТЬ
 27
ВЫПАДАЮЩЕМ
 17
ВЫПАДАЮЩИЕ
 4
ВЫПОЛНИВ
 30
ВЫПОЛНИТЬ
 30,27,18,17,9,29,28,26,25,24,23,22,21,20,19,15,14,13,10,4
ВЫПОЛНЯЕТ
 6,7
ВЫХОД
 30
ВЫХОДА
 5
